66.2 39.7 76.4 26.5 11.2 61.8 6.1 48.4 89.2 104. 34.
 60.6 57.1 79.1 90.9 32.3 63.8 78.2 27.5 43.4 30.1
 17.3 77.5 44.9 92.2 39.6 79.4 66.1 53.5 98.5 20.8
 55.5 39.6 56. 65.1 14.8 13.2 88.1 8.4 32.1 19.6
 40.4 2.2 77.5 105.4 77.2 38. 27.1 111.8 17.2 26.7
 23.3 77.2 87.2 27.7 50.6 60.3 15.1 6. 29.4 39.3
 56.3 80.4 85.3 68.4 72.5 13.3 28.4 14.7 37.4 49.5
 57.2 85.9 82.1 31.8 126.6 30.7 41.4 33.9 13.5 99.1
 70.2 91.8 61.3 13.7 54.9 62.5 24.2 69.4 83.1 44.
 48.5 11.9 16.6 66.4 90. 34.9 132.8 33.4 225.  7.6
 40.9 76.5 48. 140. 55.9 54.1 46.4 68.6 52.2 108.3
 14.6 11.3 29.8 130.9 152.4 61. 46.6 43.9 30.9 111.1
 68.5 42.2 9.8 285.6 56.7 168.2 41.2 47.8 166.6 37.8
 45.4 43.2